153 0.111205 0.000930468 0.00149929 0.0020706
561 0.0463941 0.000350371 0.00126595 0.00127575
969 0.0365424 0.000119094 0.00079176 0.000803357
1377 0.0294977 7.78816e-05 0.000514428 0.000525953
1785 0.0240626 5.14317e-05 0.000339464 0.000351012
2922 0.0194793 3.4171e-05 0.000225185 0.000237327
3606 0.0159938 2.29082e-05 0.000150557 0.00016464
4251 0.0130396 1.54435e-05 9.99418e-05 0.000115609
4821 0.0107511 1.04769e-05 6.70464e-05 8.44006e-05
5310 0.00878747 6.97422e-06 4.45732e-05 6.02288e-05
5793 0.00716313 4.67805e-06 2.99429e-05 3.68186e-05
6201 0.00593241 3.21096e-06 2.02214e-05 2.72239e-05
6690 0.00489144 2.19611e-06 1.36992e-05 1.59945e-05
7098 0.00409426 1.54071e-06 9.35561e-06 1.18408e-05
7593 0.00343046 1.11969e-06 6.59113e-06 9.08888e-06
8511 0.00280718 7.31381e-07 4.56604e-06 6.0898e-06
9108 0.00235709 2.98147e-07 3.35458e-06 5.03649e-06
