832 0.00444999 9.76189e-17 -1.60544e-16 1.81389e-16
1804 0.00840647 5.87095e-17 -1.36824e-16 3.38014e-16
2776 0.014573 1.66533e-16 -2.58838e-16 5.81786e-16
4228 0.023791 5.29963e-15 5.0765e-15 6.06585e-15
5932 0.0268409 1.79023e-15 3.97371e-15 5.85771e-15
10240 0.0250797 3.67484e-14 2.88024e-14 5.21083e-14
24724 0.0321914 3.99458e-13 -2.34353e-13 7.71209e-13
33412 0.0343917 2.29699e-12 -6.9281e-12 7.63746e-12
42184 0.0227176 5.8787e-12 -8.26529e-12 2.26169e-11
60076 0.0181402 3.62659e-11 -4.73887e-11 5.25152e-11
84286 0.0161893 1.0129e-11 -5.74511e-12 2.8849e-11
