2800 0.013033 4.93529e-16 6.18874e-16 1.39808e-15
4012 0.0178784 1.22732e-16 -5.28029e-16 1.05186e-15
6184 0.0232744 7.82288e-14 3.87379e-14 1.30174e-13
11476 0.0264135 8.79852e-15 -1.5828e-14 2.16276e-14
22420 0.0259687 9.71531e-12 1.43069e-11 1.68294e-11
34984 0.0171463 6.99573e-13 1.88895e-13 1.69942e-12
53434 0.0128174 1.52323e-10 -1.76116e-10 1.96058e-10
84820 0.0112695 1.15203e-10 1.96406e-10 2.09696e-10
101086 0.0141061 1.15861e-12 1.60807e-12 2.21956e-12
124588 0.0193521 2.94254e-11 2.50735e-11 3.60183e-11
163918 0.0226121 1.4763e-10 -2.53615e-11 2.78485e-10
