2800 0.221751 1.08093e-15 1.35083e-15 2.66129e-15
5698 0.150034 1.55206e-15 2.8946e-15 4.33775e-15
11212 0.10366 2.42046e-14 -2.25821e-14 3.21735e-14
22018 0.0713547 1.51101e-13 -1.41229e-13 1.8706e-13
43360 0.049224 3.11442e-12 -1.32565e-13 7.17234e-12
84082 0.0338984 1.7639e-13 -1.30648e-13 4.5504e-13
163984 0.0213176 3.20728e-13 1.32986e-14 1.10736e-12
287986 0.0121822 1.03136e-09 1.02869e-09 1.03536e-09
481594 0.00639673 8.78805e-11 9.51009e-11 9.78251e-11
881740 0.00257145 2.7243e-12 1.58511e-12 1.14793e-11
1311178 0.00108968 4.98956e-10 5.01656e-10 5.09134e-10
