153 0.241025 0.00678452 0.0131364 0.0131364
561 0.101593 0.00158214 0.00615869 0.00621776
969 0.0811171 0.000584078 0.00390887 0.00394063
1464 0.064999 0.00038101 0.00253529 0.00256823
1872 0.0527429 0.000249927 0.00166252 0.00169624
2280 0.0429881 0.000164931 0.0010982 0.00113245
2763 0.0348197 0.000110164 0.000721609 0.000756371
3171 0.0284914 7.3628e-05 0.000479668 0.000518083
3579 0.0233967 4.9519e-05 0.000320049 0.000365326
4149 0.018949 3.26697e-05 0.000212886 0.000225059
4557 0.0155898 2.20523e-05 0.000142624 0.000155399
4965 0.0129382 1.55417e-05 9.94413e-05 0.00011279
5460 0.0829303 3.89582e-05 0.000248835 0.00026036
7473 0.0390061 7.35569e-06 8.03649e-05 9.3535e-05
11391 0.389602 5.6585e-06 5.39305e-05 6.74556e-05
15225 0.240167 5.64362e-06 4.95875e-05 6.30836e-05
23865 0.382199 1.41972e-05 0.000164439 0.00017677
