2800 0.0130279 0.00013851 0.000504722 0.00112831
4012 0.0178518 0.000338432 0.000956641 0.00208284
6184 0.0231776 0.000687299 0.00162546 0.0062614
11704 0.0282992 0.000830028 0.00243737 0.0064313
23332 0.0245379 0.000506063 0.00182613 0.00599834
26884 0.0191567 0.000408028 0.00110191 0.00760547
42940 0.0137011 9.79532e-05 0.000531118 0.00334018
65122 0.0123183 4.58517e-05 0.000397003 0.00131833
89272 0.0140049 5.76506e-05 0.000489208 0.000724918
113242 0.0187408 9.315e-05 0.000858367 0.00108264
148732 0.0209712 0.000164127 0.00103997 0.00125818
