153 0.244326 2.91434e-16 2.91434e-16 3.46945e-16
561 0.102355 1.80411e-16 -3.9465e-17 5.5381e-16
969 0.0814831 1.59595e-16 -3.36157e-16 4.19424e-16
1464 0.065185 1.17961e-16 2.79534e-16 6.20787e-16
1872 0.0528411 1.249e-16 -1.89735e-16 9.36968e-16
2280 0.0430418 1.80411e-16 -2.67798e-17 8.26704e-16
2763 0.0348495 1.30104e-16 2.86338e-16 7.87673e-16
3171 0.0285091 1.66533e-16 -9.81372e-17 9.82846e-16
3579 0.0234083 1.66533e-16 -8.47846e-17 9.45424e-16
4149 0.018954 1.37043e-16 5.80949e-16 1.50305e-15
4557 0.0155927 5.56846e-16 4.64011e-16 2.09671e-15
4965 0.0128857 1.64539e-15 7.6794e-16 4.74366e-15
5460 0.0106333 1.94289e-16 2.50851e-16 1.31208e-15
5868 0.00888774 1.18785e-15 4.15615e-16 3.77599e-15
6552 0.00731534 2.18575e-16 3.25721e-16 1.36124e-15
7209 0.00606092 1.47451e-16 1.56301e-16 1.32168e-15
7854 0.00504631 1.249e-16 -1.33763e-17 1.91349e-15
