832 0.407953 4.75856e-16 -7.67057e-17 1.61955e-15
1804 0.271824 3.19197e-13 -2.24867e-13 4.211e-13
3730 0.183839 1.59951e-15 1.11055e-15 4.33334e-15
7822 0.128346 8.00054e-15 -1.14661e-15 1.91323e-14
15040 0.0827032 7.37843e-15 1.02697e-14 4.19997e-14
29674 0.0547928 1.72749e-12 1.20164e-12 9.50352e-12
52660 0.0378733 1.58706e-13 -1.70874e-13 6.18797e-13
98626 0.0256794 8.92436e-12 9.03933e-12 1.07817e-11
190156 0.0151179 1.28686e-12 -8.05097e-13 2.34089e-12
319876 0.00787367 1.09114e-10 -1.2717e-10 1.96556e-10
497194 0.0038522 3.24381e-11 -3.51186e-11 1.13807e-10
