153 0.187165 3.40006e-16 -3.38271e-16 3.52149e-16
561 0.15767 2.70617e-16 -4.80302e-17 6.04768e-16
1407 0.155621 1.14492e-16 -1.71209e-16 7.89448e-16
2382 0.167075 1.95156e-16 -1.2263e-16 9.14741e-16
3936 0.240517 1.22298e-16 -1.515e-16 7.85752e-16
4425 0.27183 3.05311e-16 3.03699e-16 1.17703e-15
5187 0.248994 2.74086e-16 8.32464e-18 1.46929e-15
5595 0.207988 2.00361e-16 1.43396e-16 9.2741e-16
6444 0.177445 9.31902e-15 -8.24724e-15 1.17083e-14
6972 0.147626 6.28837e-16 -3.51895e-16 2.12321e-15
7614 0.126316 1.05998e-14 9.97361e-15 1.29395e-14
7729 0.0981879 6.46433e-15 -2.696e-15 1.11709e-14
9704 0.0529196 6.56593e-16 2.73174e-16 1.82133e-15
10180 0.0285667 3.88578e-15 3.80097e-15 4.965e-15
11532 0.0169195 1.43332e-16 2.5885e-16 2.29341e-15
14270 0.0151278 1.06183e-13 -1.04418e-13 1.12289e-13
15397 0.0126081 3.18647e-16 -2.48959e-16 3.96701e-15
