832 0.56039 4.81752e-16 5.54984e-16 1.66798e-15
1804 0.370617 7.44431e-14 -5.11673e-14 1.01526e-13
3730 0.251337 3.33067e-16 -3.11883e-16 3.7411e-15
7108 0.177868 2.33325e-14 -3.55297e-14 4.65309e-14
15028 0.125057 8.45244e-15 -9.95237e-15 1.9591e-14
29920 0.0796705 6.23945e-14 6.22721e-14 1.37146e-13
56704 0.0523489 5.61274e-11 -7.70998e-11 8.37065e-11
103618 0.0343053 9.32343e-13 -9.58704e-13 2.56801e-12
196642 0.019444 1.59793e-12 1.32676e-12 2.72897e-12
323848 0.0100944 5.38175e-12 -3.3969e-12 2.92431e-11
