2800 0.221743 5.16976e-06 9.22908e-05 9.87635e-05
5698 0.150022 4.1811e-06 0.000149318 0.000163363
11212 0.103642 3.74829e-06 0.000161996 0.00020985
22018 0.0713215 3.37666e-06 0.000173064 0.000295654
43360 0.0492099 1.54512e-06 9.8678e-05 0.000233537
84082 0.0338878 1.19869e-06 6.73403e-05 0.00017151
164200 0.0213936 4.7526e-07 2.1273e-05 0.000110114
285646 0.0122338 9.33654e-08 5.57846e-06 3.30096e-05
483034 0.00636797 5.54444e-08 -1.4056e-06 1.15067e-05
883948 0.00255737 5.64957e-08 -3.38276e-06 4.71824e-06
1312066 0.00108021 3.96856e-08 -2.8657e-06 3.55185e-06
