153 0.233535 4.16334e-17 2.08167e-17 6.245e-17
561 0.079575 2.77556e-16 1.84623e-16 7.6337e-16
1332 0.0372106 1.17779e-14 1.6235e-14 1.67512e-14
2388 0.0151592 1.05471e-14 -9.67645e-15 1.25215e-14
4374 0.00725137 4.41314e-15 -4.0869e-15 7.244e-15
5025 0.00572668 1.21014e-14 -1.14096e-14 1.70471e-14
5763 0.00468054 3.78864e-15 5.3768e-15 7.96067e-15
7704 0.00364527 3.89966e-15 7.81371e-15 1.37637e-14
8433 0.00317903 1.26843e-14 1.89366e-14 2.67159e-14
10449 0.00231894 6.98053e-15 2.91275e-15 1.66475e-14
11454 0.00191038 4.10783e-15 1.64554e-15 1.31685e-14
11792 0.00163526 4.73233e-15 7.58563e-15 1.41385e-14
12168 0.00145132 2.03448e-14 -1.27484e-14 6.11972e-14
12466 0.0013144 3.25295e-14 -3.6439e-14 5.44229e-14
12608 0.0012383 5.28501e-14 1.8496e-14 1.07135e-13
12963 0.00115066 3.21965e-14 3.57525e-14 4.40693e-14
12963 0.00115066 3.21965e-14 3.57525e-14 4.40693e-14
