153 0.18373 0.0148814 -0.000151343 0.0296115
561 0.156567 0.00214057 0.00541679 0.0153645
1407 0.155178 0.000959524 0.00612882 0.00755283
2382 0.165719 0.00185318 0.00936088 0.0115099
4131 0.228789 0.00699765 0.0259155 0.028331
4974 0.252691 0.0037426 0.0318164 0.0341247
6096 0.2345 0.00210963 0.0271415 0.029428
6711 0.197927 0.00149317 0.0193254 0.0215813
7473 0.172561 0.00110508 0.0144317 0.0166991
8001 0.145727 0.000750641 0.00998377 0.0122643
8643 0.126022 0.000528874 0.00720469 0.00949349
8758 0.0994826 0.000281622 0.00408304 0.00638244
11057 0.0525882 0.000265159 0.00124836 0.00306738
11533 0.028425 0.00010987 0.000357825 0.00125982
12798 0.0172613 3.02261e-05 2.96889e-05 0.000372995
15809 0.0120384 1.92778e-05 1.97554e-05 0.000179543
16057 0.0118999 1.92646e-05 -1.71665e-05 0.000143039
